8	10
8	73
8	140
8	81
8	160
8	129
8	163
8	54
8	55
8	82
8	90
8	165
10	8
10	73
10	140
10	81
10	160
10	129
10	163
10	54
10	55
10	82
10	90
10	165
73	8
73	10
73	140
73	81
73	160
73	129
73	163
73	54
73	55
73	82
73	90
73	165
140	8
140	10
140	73
140	81
140	160
140	129
140	163
140	54
140	55
140	82
140	90
140	165
81	8
81	10
81	73
81	140
81	160
81	129
81	163
81	54
81	55
81	82
81	90
81	165
160	8
160	10
160	73
160	140
160	81
160	129
160	163
160	54
160	55
160	82
160	90
160	165
129	8
129	10
129	73
129	140
129	81
129	160
129	163
129	54
129	55
129	82
129	90
129	165
163	8
163	10
163	73
163	140
163	81
163	160
163	129
163	54
163	55
163	82
163	90
163	165
54	8
54	10
54	73
54	140
54	81
54	160
54	129
54	163
54	55
54	82
54	90
54	165
55	8
55	10
55	73
55	140
55	81
55	160
55	129
55	163
55	54
55	82
55	90
55	165
82	8
82	10
82	73
82	140
82	81
82	160
82	129
82	163
82	54
82	55
82	90
82	165
90	8
90	10
90	73
90	140
90	81
90	160
90	129
90	163
90	54
90	55
90	82
90	165
165	8
165	10
165	73
165	140
165	81
165	160
165	129
165	163
165	54
165	55
165	82
165	90
158	161
158	156
158	157
158	154
158	166
158	164
161	158
161	156
161	157
161	154
161	166
161	164
156	158
156	161
156	157
156	154
156	166
156	164
157	158
157	161
157	156
157	154
157	166
157	164
154	158
154	161
154	156
154	157
154	166
154	164
166	158
166	161
166	156
166	157
166	154
166	164
164	158
164	161
164	156
164	157
164	154
164	166
116	94
116	122
116	80
116	121
116	110
116	106
116	114
116	144
116	109
116	125
116	115
116	117
116	123
116	101
116	126
116	130
116	111
94	116
94	122
94	80
94	121
94	110
94	106
94	114
94	144
94	109
94	125
94	115
94	117
94	123
94	101
94	126
94	130
94	111
122	116
122	94
122	80
122	121
122	110
122	106
122	114
122	144
122	109
122	125
122	115
122	117
122	123
122	101
122	126
122	130
122	111
80	116
80	94
80	122
80	121
80	110
80	106
80	114
80	144
80	109
80	125
80	115
80	117
80	123
80	101
80	126
80	130
80	111
121	116
121	94
121	122
121	80
121	110
121	106
121	114
121	144
121	109
121	125
121	115
121	117
121	123
121	101
121	126
121	130
121	111
110	116
110	94
110	122
110	80
110	121
110	106
110	114
110	144
110	109
110	125
110	115
110	117
110	123
110	101
110	126
110	130
110	111
106	116
106	94
106	122
106	80
106	121
106	110
106	114
106	144
106	109
106	125
106	115
106	117
106	123
106	101
106	126
106	130
106	111
114	116
114	94
114	122
114	80
114	121
114	110
114	106
114	144
114	109
114	125
114	115
114	117
114	123
114	101
114	126
114	130
114	111
144	116
144	94
144	122
144	80
144	121
144	110
144	106
144	114
144	109
144	125
144	115
144	117
144	123
144	101
144	126
144	130
144	111
109	116
109	94
109	122
109	80
109	121
109	110
109	106
109	114
109	144
109	125
109	115
109	117
109	123
109	101
109	126
109	130
109	111
125	116
125	94
125	122
125	80
125	121
125	110
125	106
125	114
125	144
125	109
125	115
125	117
125	123
125	101
125	126
125	130
125	111
115	116
115	94
115	122
115	80
115	121
115	110
115	106
115	114
115	144
115	109
115	125
115	117
115	123
115	101
115	126
115	130
115	111
117	116
117	94
117	122
117	80
117	121
117	110
117	106
117	114
117	144
117	109
117	125
117	115
117	123
117	101
117	126
117	130
117	111
123	116
123	94
123	122
123	80
123	121
123	110
123	106
123	114
123	144
123	109
123	125
123	115
123	117
123	101
123	126
123	130
123	111
101	116
101	94
101	122
101	80
101	121
101	110
101	106
101	114
101	144
101	109
101	125
101	115
101	117
101	123
101	126
101	130
101	111
126	116
126	94
126	122
126	80
126	121
126	110
126	106
126	114
126	144
126	109
126	125
126	115
126	117
126	123
126	101
126	130
126	111
130	116
130	94
130	122
130	80
130	121
130	110
130	106
130	114
130	144
130	109
130	125
130	115
130	117
130	123
130	101
130	126
130	111
111	116
111	94
111	122
111	80
111	121
111	110
111	106
111	114
111	144
111	109
111	125
111	115
111	117
111	123
111	101
111	126
111	130
150	218
150	141
150	148
150	113
150	159
150	145
150	149
218	150
218	141
218	148
218	113
218	159
218	145
218	149
141	150
141	218
141	148
141	113
141	159
141	145
141	149
148	150
148	218
148	141
148	113
148	159
148	145
148	149
113	150
113	218
113	141
113	148
113	159
113	145
113	149
159	150
159	218
159	141
159	148
159	113
159	145
159	149
145	150
145	218
145	141
145	148
145	113
145	159
145	149
149	150
149	218
149	141
149	148
149	113
149	159
149	145
44	86
44	45
44	91
44	83
44	222
44	93
44	92
44	215
44	108
44	46
44	131
44	107
44	133
44	214
86	44
86	45
86	91
86	83
86	222
86	93
86	92
86	215
86	108
86	46
86	131
86	107
86	133
86	214
45	44
45	86
45	91
45	83
45	222
45	93
45	92
45	215
45	108
45	46
45	131
45	107
45	133
45	214
91	44
91	86
91	45
91	83
91	222
91	93
91	92
91	215
91	108
91	46
91	131
91	107
91	133
91	214
83	44
83	86
83	45
83	91
83	222
83	93
83	92
83	215
83	108
83	46
83	131
83	107
83	133
83	214
222	44
222	86
222	45
222	91
222	83
222	93
222	92
222	215
222	108
222	46
222	131
222	107
222	133
222	214
93	44
93	86
93	45
93	91
93	83
93	222
93	92
93	215
93	108
93	46
93	131
93	107
93	133
93	214
92	44
92	86
92	45
92	91
92	83
92	222
92	93
92	215
92	108
92	46
92	131
92	107
92	133
92	214
215	44
215	86
215	45
215	91
215	83
215	222
215	93
215	92
215	108
215	46
215	131
215	107
215	133
215	214
108	44
108	86
108	45
108	91
108	83
108	222
108	93
108	92
108	215
108	46
108	131
108	107
108	133
108	214
46	44
46	86
46	45
46	91
46	83
46	222
46	93
46	92
46	215
46	108
46	131
46	107
46	133
46	214
131	44
131	86
131	45
131	91
131	83
131	222
131	93
131	92
131	215
131	108
131	46
131	107
131	133
131	214
107	44
107	86
107	45
107	91
107	83
107	222
107	93
107	92
107	215
107	108
107	46
107	131
107	133
107	214
133	44
133	86
133	45
133	91
133	83
133	222
133	93
133	92
133	215
133	108
133	46
133	131
133	107
133	214
214	44
214	86
214	45
214	91
214	83
214	222
214	93
214	92
214	215
214	108
214	46
214	131
214	107
214	133
89	99
89	88
99	89
99	88
88	89
88	99
